0.0000000E00   1.2648000E00
1.0000000E00   1.0000000E00
2.0000000E00   1.0001800E00
3.0000000E00   1.0000000E00
4.0000000E00   1.0000000E00
5.0000000E00   1.004580E00
6.0000000E00  45.0000000E00
7.0000000E00   45.0000000E00
8.0000000E00   1.0000000E00
9.0000000E00   65.0000000E00
1.0000000E01   1.0000000E00
1.1000000E01   1.0000000E00
1.2000000E01   8.0000000E00
1.3000000E01   1.0000000E00
1.4000000E01   1.0000000E00
1.5000000E01   1.0000000E00
1.6000000E01   19.0000000E00
1.7000000E01   1.0000000E00
1.8000000E01   1.0000000E00
1.9000000E01   14.0000000E00
2.0000000E01   1.0000000E00